0 0.597221875 0.8704145203125 0.58506875 0.8456932078125 0.56944375 0.8417892265625 0.5558550984374999 0.8525723 0.5416671875 0.8691124125 0.543403125 0.8990374703124999 0.5625 0.9159508203125 0.58506875 0.913348946875 0.597221875 0.90163934375 0.597221875 0.8704145203125
1 0.1432296875 0.5464473062499999 0.15711875 0.5815761125 0.18055625 0.5919859484375001 0.1979171875 0.5932857140625 0.215278125 0.5919859484375001 0.230903125 0.5841779859375 0.23611093749999998 0.5516533953125 0.23611093749999998 0.512620609375 0.2213546875 0.4800936765625 0.19878437499999999 0.46578220156250005 0.1770828125 0.4670819671875 0.1579859375 0.47618969531250005 0.14149375 0.491803278125 0.13715312500000001 0.50091100625 0.140625 0.5256299765625 0.1432296875 0.5464473062499999
1 0.07986093749999999 0.629716628125 0.08680625 0.663543325 0.09635468750000001 0.68436065625 0.12152812500000001 0.707779859375 0.13975625 0.7012740046875 0.14496562500000001 0.6869625296875 0.14496562500000001 0.662243559375 0.14756875 0.6427259953125 0.15711875 0.61670491875 0.1640625 0.5880819671874999 0.16059062500000001 0.5672646375 0.14149375 0.5490491796875 0.1171875 0.5568571421875 0.097221875 0.572468384375 0.09548593749999999 0.5737704921875 0.089409375 0.5880819671874999 0.07986093749999999 0.629716628125
1 0.14149375 0.707779859375 0.1510421875 0.71298360625 0.16493125 0.7051779859375 0.1814234375 0.6999742390625 0.19618125 0.7090819671874999 0.2213546875 0.7168875875 0.23524375000000003 0.7025761125 0.24131874999999997 0.6648454328125 0.23350624999999997 0.63101639375 0.21875 0.59979156875 0.20138906250000002 0.5880819671874999 0.1779515625 0.58548009375 0.1623265625 0.589384075 0.14409687499999999 0.61410304375 0.13628437499999999 0.640124121875 0.13628437499999999 0.676555034375 0.14149375 0.707779859375
1 0.14149375 0.8222740046875 0.17100625 0.8417892265625 0.1970484375 0.8417892265625 0.21875 0.8313817328124999 0.23611093749999998 0.793651053125 0.237846875 0.7585222484374999 0.22569374999999997 0.7051779859375 0.2005203125 0.679156909375 0.1736109375 0.676555034375 0.15538125 0.6817587828125 0.13368125 0.6960702578125 0.1267359375 0.7311990625 0.12239531249999999 0.7364028109375 0.12413125 0.77413583125 0.14149375 0.8222740046875
1 0.4157984375 0.2198805625 0.42100625 0.18475175625 0.4166671875 0.1379133484375 0.4079859375 0.1196978921875 0.38194374999999997 0.107988290625 0.3619796875 0.1105901640625 0.34288124999999997 0.1327096015625 0.339409375 0.15482669843750002 0.3411453125 0.193859484375 0.3567703125 0.2276861828125 0.3689234375 0.2328899296875 0.4001734375 0.2315901640625 0.4157984375 0.2198805625
1 0.55381875 0.43195316093749997 0.5755203125 0.444964871875 0.598090625 0.4436627640625 0.5998265625 0.42414754062500004 0.5989578125 0.39682435625 0.6015625 0.3695035125 0.6119796875 0.36169555 0.62413125 0.3538899296875 0.620659375 0.3343747078125 0.6154515625 0.323964871875 0.6041671875 0.3148571421875 0.5859375 0.3135573765625 0.56336875 0.3213629984375 0.55381875 0.3343747078125 0.5407984375 0.36169555 0.5373265625 0.3877189703125 0.543403125 0.41634192031249995 0.55381875 0.43195316093749997
1 0.589409375 0.4345573765625 0.605034375 0.455372365625 0.636284375 0.46448009375000004 0.660590625 0.4566744734375 0.6770828125 0.422847775 0.676215625 0.38251288125 0.6701390625 0.3551920375 0.65538125 0.33697658124999996 0.629340625 0.3343747078125 0.6076390625 0.342180328125 0.5885421875 0.36559953125 0.58680625 0.364299765625 0.5833328125 0.3929227171875 0.589409375 0.4345573765625
1 0.667534375 0.42024355937499996 0.683159375 0.45277049218750004 0.703125 0.463180328125 0.730034375 0.463180328125 0.745659375 0.4475667453125 0.7560765625 0.422847775 0.7560765625 0.39032084375 0.75086875 0.3629976578125 0.737846875 0.3395784546875 0.7092015625 0.331772834375 0.691840625 0.3395784546875 0.675346875 0.36169555 0.6736109375 0.360395784375 0.6657984375 0.3929227171875 0.667534375 0.42024355937499996
1 0.75 0.46448009375000004 0.7751734375 0.4852974234375 0.8020828124999999 0.48139578437499997 0.8133687500000001 0.46968618281249996 0.8211812500000001 0.455372365625 0.828125 0.43325526875 0.8255203124999999 0.4033302109375 0.8194437499999999 0.3877189703125 0.8116312499999999 0.3629976578125 0.7916671875 0.3538899296875 0.7734375 0.3577939109375 0.7604171875 0.360395784375 0.74913125 0.3682014046875 0.738715625 0.3929227171875 0.7361109375 0.4176416859375 0.738715625 0.43976112343749996 0.75 0.46448009375000004
1 0.792534375 0.50091100625 0.79600625 0.5386416859375001 0.809028125 0.53994379375 0.823784375 0.53994379375 0.8420140625 0.5490491796875 0.855903125 0.5633629984375 0.870659375 0.5685667453125001 0.887153125 0.5646627640624999 0.8984375 0.5425456671875 0.9010421875000001 0.5113185015624999 0.894965625 0.47228805625000003 0.8854171875000001 0.44626697968749995 0.863715625 0.4306533953125 0.8428812499999999 0.42805152187499995 0.8229171875000001 0.43195316093749997 0.8029515625 0.4514707265625 0.8020828124999999 0.45277049218750004 0.792534375 0.463180328125 0.792534375 0.50091100625
1 0.7751734375 0.629716628125 0.7907984375 0.6557377046874999 0.8142359375 0.6700491796875 0.832465625 0.6713512875000001 0.8541671875000001 0.6661451984375 0.8645828124999999 0.647932084375 0.8680562500000001 0.6219110062500001 0.8663187499999999 0.5880819671874999 0.859375 0.5477494140625 0.840278125 0.5347377046874999 0.8142359375 0.5256299765625 0.796875 0.5282341921875 0.78038125 0.5490491796875 0.7751734375 0.5503512875000001 0.7682296875 0.5880819671874999 0.7751734375 0.629716628125