1 0.5555555562500001 0.889692875 0.56501470625 0.8560712531249999 0.562436275 0.8198624078125001 0.521155228125 0.8017592140625001 0.49535620937499997 0.8082235875 0.4815964046875 0.831501228125 0.4798758171875 0.889692875 0.49449673125000004 0.9103832921875 0.5082565359375 0.923314496875 0.5280359484375 0.92848894375 0.5555555562500001 0.889692875
1 0.57705555625 0.6297690421875 0.5417957515625 0.6297690421875 0.51427614375 0.6633906640625 0.5134166671875 0.6957199015625 0.516856209375 0.7112383296875 0.5271764703125 0.731928746875 0.5564150328124999 0.735808353125 0.5753349671875 0.7202899265625 0.590815359375 0.6866683046875 0.57705555625 0.6297690421875
1 0.21069771249999997 0.6633906640625 0.1857581703125 0.6905479109375 0.19263888906249999 0.7487395578125 0.21929902031249998 0.7629631453125 0.25627777812499997 0.747447175 0.2622973859375 0.717702703125 0.2622973859375 0.6957199015625 0.24165849687500002 0.6608034390624999 0.21069771249999997 0.6633906640625
1 0.2442385625 0.5392481578125 0.2278986921875 0.587093365625 0.245957515625 0.618130221875 0.26831862812499996 0.6207174453125 0.29841829999999997 0.587093365625 0.30013725468749997 0.550886978125 0.2812173203125 0.5289017203124999 0.2442385625 0.5392481578125
1 0.184039215625 0.4461400484375 0.1642581703125 0.483641278125 0.1797385625 0.5289017203124999 0.1909183 0.540540540625 0.2020980390625 0.540540540625 0.22273856250000001 0.5095036859375 0.2278986921875 0.48234889374999995 0.2167189546875 0.4474324328125 0.184039215625 0.4461400484375
1 0.0705196078125 0.3905331703125 0.0799787578125 0.42803685468749997 0.0945996734375 0.44484766562500005 0.11781862812499999 0.4461400484375 0.1229787578125 0.4073439796875 0.11695914999999998 0.381481571875 0.0902990203125 0.37113759218750003 0.0705196078125 0.3905331703125
1 0.038699346875 0.5495921375 0.055900326562500005 0.575457003125 0.091158496875 0.56381818125 0.0971797390625 0.5482997546874999 0.0971797390625 0.5133832921875 0.0722401953125 0.493987715625 0.055039215625000006 0.493987715625 0.0352598046875 0.5095036859375 0.038699346875 0.5495921375
1 0 0.56381818125 0.012039215624999999 0.54571253125 0.01633986875 0.5327813265625 0.013759804687499998 0.5030393125 0.002580065625 0.49269287500000003 0 0.5030393125 0 0.5495921375 0 0.5612309578125 0 0.56381818125
1 0 0.668562653125 0.01461928125 0.6569238328125 0.018919934375 0.625889434375 0.017199346875 0.5987321875 0 0.583213759375 0 0.6659778875 0 0.668562653125
1 0.33969771249999997 0.46295085937499997 0.3474379078125 0.440968059375 0.3388366015625 0.41510319375 0.32163725468750004 0.40217199062500003 0.303576796875 0.40475921406250004 0.29583823593749997 0.4267420140625 0.30013725468749997 0.45389926249999996 0.3164771234375 0.47717690468749996 0.32077777812499997 0.47717690468749996 0.33969771249999997 0.46295085937499997
1 0.3809771234375 0.310358721875 0.380117646875 0.28708108125 0.368076796875 0.2689778875 0.3508774515625 0.271562653125 0.34485784375 0.28708108125 0.3431372546875 0.31553071250000003 0.35431699375000003 0.33363390625 0.3706568625 0.331049140625 0.3809771234375 0.310358721875
1 0.2906781046875 0.2689778875 0.30013725468749997 0.2948402953125 0.3070179734375 0.2987199015625 0.32335784375 0.2935479109375 0.33281699374999996 0.27673709999999996 0.3267973859375 0.25863145 0.303576796875 0.2508722359375 0.2906781046875 0.2689778875
1 0.504815359375 0.42286240781249995 0.5159950984375 0.4086388203125 0.5159950984375 0.3866535625 0.5039558828125 0.36596314531249996 0.49105555624999997 0.3646707609375 0.479016340625 0.377601965625 0.4747156859375 0.391828009375 0.47729575156250004 0.41381081093749994 0.483315359375 0.4189828015625 0.504815359375 0.42286240781249995
1 0.65101470625 0.4176904171875 0.650155228125 0.3905331703125 0.6449950984374999 0.3620835375 0.6234950984375 0.35820393125 0.60973529375 0.3698427515625 0.6045751640625 0.391828009375 0.6123153593749999 0.4099312046875 0.6140343140625 0.4189828015625 0.65101470625 0.4176904171875
1 0.8402140515625 0.597439803125 0.8582728765625 0.587093365625 0.8642924843750001 0.5612309578125 0.86343300625 0.5418329234375 0.8556928109375 0.5237297296875 0.8402140515625 0.522437346875 0.8169934640625 0.5289017203124999 0.8109738562500001 0.540540540625 0.808393790625 0.5664029484374999 0.8161339875 0.5909729734375 0.8402140515625 0.597439803125
1 0.9348120921874999 0.5664029484374999 0.9631928109375 0.5431277640625 0.959751634375 0.5198501234374999 0.939972221875 0.48622850156249997 0.9227728765625001 0.48622850156249997 0.907292484375 0.49657248125000003 0.8995522875 0.52114250625 0.8995522875 0.5379533171875 0.909013071875 0.5573513515624999 0.9348120921874999 0.5664029484374999