0 0.46405228750000005 0.5077120828125 0.4795751640625 0.517994859375 0.4852941171875 0.517994859375 0.4983660125 0.50257069375 0.5024509796875 0.47686375312499996 0.4844771234375 0.45886889531249997 0.45751634062499996 0.46272493593749997 0.46405228750000005 0.5077120828125
1 0.40032679687500006 0.327763496875 0.39379084999999997 0.380462725 0.420751634375 0.425449871875 0.4517973859375 0.4293059125 0.4599673203125 0.42673521875000003 0.47385620937499995 0.3894601546875 0.47467320312499994 0.354755784375 0.4607843140625 0.313624678125 0.42483660156249997 0.30334190156249996 0.40032679687500006 0.327763496875
1 0.1609477125 0.376606684375 0.1454248359375 0.42673521875000003 0.1576797390625 0.46786632343749995 0.1928104578125 0.48843187656250003 0.2173202609375 0.4640102828125 0.2205882359375 0.4562982 0.224673203125 0.4447300765625 0.2279411765625 0.3984575828125 0.2181372546875 0.376606684375 0.1936274515625 0.358611825 0.1609477125 0.376606684375
1 0.06535947656249999 0.571979434375 0.0857843140625 0.59511568125 0.0923202609375 0.6015424171875 0.1094771234375 0.6143958875 0.1315359484375 0.619537275 0.1454248359375 0.5886889453124999 0.1560457515625 0.552699228125 0.1560457515625 0.542416453125 0.1405228765625 0.5141388171875 0.10620915 0.4910025703125 0.07107843124999999 0.5064267359375 0.064542484375 0.5398457578125 0.06535947656249999 0.571979434375
1 0.0245098046875 0.6401028281250001 0.0294117640625 0.6838046265625 0.048202614062499996 0.710796915625 0.09640522812499999 0.7030848328125 0.1111111109375 0.6773778921875 0.11928104531249999 0.6683804624999999 0.12745097968750002 0.6401028281250001 0.1111111109375 0.5964010281250001 0.0759803921875 0.56812339375 0.03513071875 0.577120821875 0.0245098046875 0.6401028281250001
1 0.23856209218750002 0.7223650390625 0.2614379078125 0.6773778921875 0.258169934375 0.6259640109375 0.23529411718749998 0.5912596406249999 0.223856209375 0.5835475578125 0.17810457500000001 0.6131105406249999 0.16993464062500002 0.6491002578125 0.1740196078125 0.69280205625 0.18954248437500001 0.7249357328125 0.23856209218750002 0.7223650390625
1 0.2173202609375 0.58997429375 0.2442810453125 0.6028277640625 0.2565359484375 0.6015424171875 0.27450980468749997 0.5796915171875 0.27450980468749997 0.52956298125 0.2614379078125 0.503856040625 0.2450980390625 0.4871465296875 0.2116013078125 0.482005140625 0.1911764703125 0.5167095109375001 0.18954248437500001 0.542416453125 0.187908496875 0.571979434375 0.1936274515625 0.5861182515625 0.2173202609375 0.58997429375
1 0.3341503265625 0.7455012859375 0.3864379078125 0.762210796875 0.40849673124999997 0.73907455 0.4158496734375 0.69280205625 0.40277777812500004 0.6593830328125 0.39133986875 0.6285347046875 0.366013071875 0.62210796875 0.3447712421875 0.6272493578125 0.33169934687499997 0.641388175 0.3202614375 0.6542416453125 0.31944444375000003 0.68766066875 0.32271241875 0.7056555265625 0.3341503265625 0.7455012859375
1 0.57271241875 0.597686375 0.6102941171875 0.5861182515625 0.6225490203125 0.54627249375 0.6225490203125 0.503856040625 0.60620915 0.48329048906249994 0.5833333328125 0.4691516703125 0.561274509375 0.4730077125 0.5473856203125 0.501285346875 0.545751634375 0.5385604109375 0.53676470625 0.5591259640625 0.5392156859375 0.575835475 0.57271241875 0.597686375
1 0.7344771234375 0.5269922874999999 0.7720588234375 0.525706940625 0.78676470625 0.4922879171875 0.78513071875 0.44987146562499997 0.7671568625 0.41902313593749996 0.7483660125 0.4113110546875 0.7197712421875 0.41516709531249996 0.706699346875 0.44858611875000004 0.7026143796875 0.4845758359375 0.7091503265625 0.49871465312499996 0.7173202609375 0.5077120828125 0.7344771234375 0.5269922874999999
1 0.7982026140625 0.663239075 0.8341503265625001 0.67095115625 0.8635620921875 0.641388175 0.8692810453125001 0.59511568125 0.85702614375 0.54627249375 0.8333333328125001 0.5321336765625 0.813725490625 0.5308483296875 0.795751634375 0.5398457578125 0.7810457515625 0.569408740625 0.7818627453125 0.5835475578125 0.777777778125 0.6079691515625 0.778594771875 0.619537275 0.7982026140625 0.663239075