0 0.49105555624999997 0.8862230390624999 0.5005163406250001 0.8823529406249999 0.5065359484374999 0.8668725484375001 0.4962156859375 0.8526838234375 0.4867565359375 0.8526838234375 0.48417647031250005 0.8759019609375001 0.49105555624999997 0.8862230390624999
1 0.464397059375 0.7649632359375 0.44977614375 0.7959240203125 0.454076796875 0.8217230390625 0.464397059375 0.8307524515625 0.479016340625 0.826882353125 0.4936356203125 0.8139828437500001 0.4987957515625 0.7894730390625 0.4919166671875 0.770125 0.464397059375 0.7649632359375
1 0.25627777812499997 0.8630024515624999 0.2657385625 0.9055735296874999 0.2863774515625 0.91589215625 0.3061568625 0.8939632359375 0.3173382359375 0.8746127453125 0.31217810468749996 0.8539730390625 0.2906781046875 0.8397843140625 0.272617646875 0.8436544125 0.25627777812499997 0.8630024515624999
1 0.5349150328125 0.59726470625 0.5245964046875 0.594686275 0.5108366015625 0.607585784375 0.5091160125 0.6333848046874999 0.5125555562499999 0.6359656859375 0.5202957515625 0.6372549015625 0.5357761437499999 0.639835784375 0.5460964046875 0.6320955875000001 0.5469558828125 0.610164215625 0.5349150328125 0.59726470625
1 0.5804950984375 0.43343627500000004 0.5804950984375 0.457946078125 0.5899558828125 0.46181617656249996 0.6011356203125 0.45278676406249996 0.607155228125 0.43859558749999994 0.6037156859375 0.4269877453125 0.5804950984375 0.43343627500000004
1 0.6114558828125001 0.35990686250000004 0.595975490625 0.37151715625000004 0.590815359375 0.39989705937500003 0.5951160125 0.4102156859375 0.59855555625 0.40505637187500004 0.610594771875 0.4089264703125 0.61919444375 0.393446078125 0.6209150328125 0.368936275 0.6114558828125001 0.35990686250000004
1 0.817852940625 0.34829656875000004 0.79893300625 0.337977940625 0.7808741828125 0.3508774515625 0.77743300625 0.3779681375 0.7860343140625 0.379257353125 0.8006535953125 0.3895759796875 0.8144133984374999 0.38828676406249996 0.8212941171875 0.367647059375 0.817852940625 0.34829656875000004
1 0.605434640625 0.7688333328125 0.605434640625 0.8010833328125001 0.61919444375 0.8191446078125001 0.6320947718750001 0.8101127453125001 0.6398349671875 0.7946348046875 0.6415555562499999 0.770125 0.6226356203125001 0.75851470625 0.605434640625 0.7688333328125
1 0.7757140515625001 0.8049534312500001 0.7997941171875 0.773992646875 0.78775326875 0.7352941171875 0.7688333328125 0.7301348046875 0.7516339875 0.748193628125 0.7404542484375 0.759803921875 0.7473333328125 0.7881838234375 0.7757140515625001 0.8049534312500001
1 0.5280359484375 0.75851470625 0.5306160125 0.7946348046875 0.542655228125 0.8049534312500001 0.5555555562500001 0.8049534312500001 0.571895425 0.7881838234375 0.5701748359375001 0.7636740203125 0.54523529375 0.7546446078125 0.5280359484375 0.75851470625
1 0.5890947718749999 0.868164215625 0.6037156859375 0.8526838234375 0.6062957515625 0.8204338234374999 0.5942549015624999 0.803664215625 0.569315359375 0.7985024515625 0.5589950984375001 0.816563725 0.5581356203125 0.835914215625 0.5632957515625 0.8539730390625 0.567594771875 0.8591323531249999 0.5890947718749999 0.868164215625