1 0.0078125 0.8020833328125001 0.0107421875 0.875 0.03125 0.9453125 0.05859375 0.9778645828125001 0.0869140625 0.99609375 0.1357421875 0.9979166671874999 0.17578125 0.984375 0.2041015625 0.9674479171874999 0.232421875 0.9231770828125001 0.2421875 0.86328125 0.244140625 0.7747395828125 0.2197265625 0.7265625 0.171875 0.6888020828125 0.13671875 0.6927083328125 0.0703125 0.7005208328125 0.05859375 0.7122395828125 0.021484375 0.76171875 0.0078125 0.8020833328125001
1 0.2236328125 0.7265625 0.2373046875 0.7903645828125 0.3046875 0.8177083328125001 0.3623046875 0.8020833328125001 0.41015625 0.74609375 0.4130859375 0.6640625 0.4130859375 0.609375 0.3837890625 0.5651041671875 0.337890625 0.5546875 0.28515625 0.5572916671875 0.24609375 0.5807291671875 0.21875 0.6328125 0.208984375 0.6614583328125 0.2099609375 0.6888020828125 0.2236328125 0.7265625
1 0.3837890625 0.5989583328125 0.404296875 0.6432291671875 0.4267578125 0.6705729171875 0.46875 0.68359375 0.51171875 0.66796875 0.5517578125 0.6171875 0.5546875 0.5546875 0.55078125 0.5013020828125 0.505859375 0.4596354171875 0.4619140625 0.4375 0.4169921875 0.4518229171875 0.3935546875 0.4895833328125 0.376953125 0.53515625 0.369140625 0.5677083328125 0.37109375 0.578125 0.3837890625 0.5989583328125
1 0.51953125 0.5026041671875 0.54296875 0.5494791671875 0.56640625 0.5638020828125 0.615234375 0.5716145828125 0.650390625 0.52734375 0.6611328125 0.4596354171875 0.6533203125 0.4231770828125 0.6376953125 0.3802083328125 0.6162109375 0.359375 0.5966796875 0.3515625 0.580078125 0.3515625 0.5595703125 0.35546875 0.5322265625 0.3684895828125 0.509765625 0.40625 0.48828125 0.4348958328125 0.5048828125 0.48828125 0.51953125 0.5026041671875
1 0.6240234375 0.4114583328125 0.6396484375 0.4479166671875 0.6640625 0.47265625 0.6982421875 0.4713541671875 0.73828125 0.4466145828125 0.751953125 0.3932291671875 0.7333984375 0.3229166671875 0.708984375 0.3033854171875 0.669921875 0.2890625 0.626953125 0.2981770828125 0.6142578125 0.328125 0.5986328125 0.3697916671875 0.6064453125 0.390625 0.6240234375 0.4114583328125
1 0.732421875 0.3658854171875 0.7421875 0.3893229171875 0.7666015625 0.4049479171875 0.7939453125 0.3893229171875 0.8173828125 0.3619791671875 0.822265625 0.3346354171875 0.818359375 0.27734375 0.8046875 0.2421875 0.7890625 0.22916666718749998 0.751953125 0.22786458281250002 0.71484375 0.24088541718749998 0.6962890625 0.26171875 0.6845703125 0.2942708328125 0.693359375 0.32421875 0.7119140625 0.3385416671875 0.732421875 0.3658854171875
1 0.76171875 0.24869791718749998 0.791015625 0.265625 0.7998046875 0.28515625 0.810546875 0.3411458328125 0.8515625 0.3385416671875 0.87890625 0.3072916671875 0.8857421875 0.23697916718749998 0.869140625 0.20442708281250002 0.826171875 0.1848958328125 0.7958984375 0.1809895828125 0.78125 0.20052083281250002 0.7666015625 0.20572916718749998 0.7568359375 0.22265625 0.76171875 0.24869791718749998
1 0.8623046875 0.23046875 0.873046875 0.26171875 0.8896484375 0.2916666671875 0.9169921875 0.2708333328125 0.9267578125 0.22526041718749998 0.92578125 0.19140625 0.9111328125 0.1575520828125 0.8916015625 0.1432291671875 0.8603515625 0.140625 0.83984375 0.1536458328125 0.8251953125 0.1796875 0.82421875 0.20572916718749998 0.830078125 0.20833333281250002 0.8623046875 0.23046875
1 0.90234375 0.1796875 0.908203125 0.21354166718749998 0.9365234375 0.24869791718749998 0.9560546875 0.23177083281250002 0.974609375 0.18359375 0.962890625 0.1380208328125 0.939453125 0.11328125 0.9111328125 0.11328125 0.896484375 0.1171875 0.884765625 0.1328125 0.8681640625 0.1510416671875 0.8916015625 0.1614583328125 0.90234375 0.1796875
1 0.9453125 0.1484375 0.966796875 0.2109375 0.98828125 0.203125 0.9984375 0.16796875 0.9984375 0.12890625 0.99609375 0.10546875 0.98046875 0.08723958281250001 0.9619140625 0.08463541718749999 0.9296875 0.09114583281250001 0.9130859375 0.1145833328125 0.908203125 0.12890625 0.9345703125 0.12890625 0.9453125 0.1484375
1 0.9984375 0.1393229171875 0.9984375 0.1354166671875 0.9984375 0.08203125 0.99609375 0.06510416718749999 0.9697265625 0.06380208281250001 0.953125 0.08854166718749999 0.958984375 0.09635416718749999 0.966796875 0.1015625 0.9984375 0.1393229171875
1 0.74609375 0.5533854171875 0.724609375 0.5559895828125 0.7080078125 0.57421875 0.6953125 0.5924479171875 0.7119140625 0.6158854171875 0.7451171875 0.60546875 0.755859375 0.56640625 0.74609375 0.5533854171875
1 0.6162109375 0.6705729171875 0.603515625 0.69921875 0.626953125 0.70703125 0.6396484375 0.703125 0.6611328125 0.6822916671875 0.669921875 0.6510416671875 0.642578125 0.6380208328125 0.6162109375 0.6705729171875
1 0.54296875 0.7473958328125 0.541015625 0.78125 0.5654296875 0.78515625 0.580078125 0.7734375 0.595703125 0.7526041671875 0.59765625 0.7252604171875 0.5673828125 0.71875 0.54296875 0.7473958328125
1 0.39453125 0.9296875 0.4326171875 0.9231770828125001 0.435546875 0.92578125 0.45703125 0.8932291671874999 0.4482421875 0.8658854171874999 0.3984375 0.89453125 0.39453125 0.9296875
1 0.421875 0.9979166671874999 0.474609375 0.9979166671874999 0.4912109375 0.96875 0.46875 0.9348958328125001 0.4326171875 0.9283854171874999 0.4091796875 0.953125 0.3984375 0.98046875 0.404296875 0.9979166671874999 0.421875 0.9979166671874999
1 0.3212890625 0.9921875 0.3623046875 0.99609375 0.375 0.9979166671874999 0.3818359375 0.96875 0.3837890625 0.9479166671874999 0.3583984375 0.9635416671874999 0.3212890625 0.9921875